*Filter Path 2: CenterFreq=9.996990 MHz; Bandwidth=0.640000 kHz
*Calibrated 02/10/21 at 10.000000 MHz.
CalVersion= 1.03
MagTable=
*  ADC      dBm      Phase   in increasing order of ADC
   4742  -120.000     0.00
   4756  -115.000     0.00
   4828  -110.000     0.00
   4903  -105.000     0.00
   5146  -100.000     0.00
   5865   -95.000     0.00
   6895   -90.000     0.00
   8215   -85.000     0.00
   9505   -80.000     0.00
  10830   -75.000     0.00
  12149   -70.000     0.00
  13476   -65.000     0.00
  14807   -60.000     0.00
  16125   -55.000     0.00
  17485   -50.000     0.00
  18804   -45.000     0.00
  20152   -40.000     0.00
  21491   -35.000     0.00
  22837   -30.000     0.00
  24195   -25.000     0.00
  25005   -22.000     0.00
  25541   -20.000     0.00
  26092   -18.000     0.00
  26661   -16.000     0.00
  27226   -14.000     0.00
  27780   -12.000     0.00
  28310   -10.000     0.00
  28576    -9.000     0.00
  28830    -8.000     0.00
  29066    -7.000     0.00
  29283    -6.000     0.00
  29473    -5.000     0.00
  29625    -4.000     0.00
  29761    -3.000     0.00
  29865    -2.000     0.00
  29965    -1.000     0.00
  30054     0.000     0.00
