*Filter Path 3: CenterFreq=10.700000 MHz; Bandwidth=17.000000 kHz
*Calibrated 08/02/19 at 10.007500 MHz.
CalVersion= 1.03
MagTable=
*  ADC      dBm      Phase   in increasing order of ADC
   5152  -115.000     0.00
   5182  -120.000     0.00
   5205  -110.000     0.00
   5213  -116.000     0.00
   5379  -105.000     0.00
   5587  -100.000     0.00
   6370   -95.000     0.00
   7540   -90.000     0.00
   8798   -85.000     0.00
  10148   -80.000     0.00
  11436   -75.000     0.00
  12746   -70.000     0.00
  14096   -65.000     0.00
  15411   -60.000     0.00
  16745   -55.000     0.00
  18081   -50.000     0.00
  19412   -45.000     0.00
  20754   -40.000     0.00
  22088   -35.000     0.00
  23552   -30.000     0.00
  24948   -25.000     0.00
  26248   -20.000     0.00
  27574   -15.000     0.00
  28788   -10.000     0.00
  29307    -8.000     0.00
  29723    -6.000     0.00
  30070    -4.000     0.00
  30299    -2.000     0.00
  30419     0.000     0.00
  30541     2.000     0.00
  30612     4.000     0.00
  30657     6.000     0.00
  30700     8.000     0.00
  30736    10.000     0.00
  30767    12.000     0.00
  30795    14.000     0.00
