*Filter Path 1: CenterFreq=10.640000 MHz; Bandwidth=101.000000 kHz
*Calibrated 08/02/19 at 10.120000 MHz.
CalVersion= 1.03
MagTable=
*  ADC      dBm      Phase   in increasing order of ADC
   5226  -110.000     0.00
   5229  -112.000     0.00
   5230  -116.000     0.00
   5240  -108.000     0.00
   5267  -114.000     0.00
   5289  -102.000     0.00
   5290  -106.000     0.00
   5304  -104.000     0.00
   5355  -100.000     0.00
   5399   -98.000     0.00
   5463   -96.000     0.00
   5660   -94.000     0.00
   5842   -92.000     0.00
   6076   -90.000     0.00
   6454   -88.000     0.00
   6863   -86.000     0.00
   7427   -84.000     0.00
   7990   -82.000     0.00
   8441   -80.000     0.00
   8916   -78.000     0.00
   9452   -76.000     0.00
   9974   -74.000     0.00
  10533   -72.000     0.00
  11039   -70.000     0.00
  11567   -68.000     0.00
  12099   -66.000     0.00
  12636   -64.000     0.00
  13169   -62.000     0.00
  13680   -60.000     0.00
  14237   -58.000     0.00
  14765   -56.000     0.00
  15255   -54.000     0.00
  15784   -52.000     0.00
  16303   -50.000     0.00
  16884   -48.000     0.00
  17423   -46.000     0.00
  17935   -44.000     0.00
  18213   -43.000     0.00
  18463   -42.000     0.00
  18962   -40.000     0.00
  19546   -38.000     0.00
  20061   -36.000     0.00
  20639   -34.000     0.00
  21186   -32.000     0.00
  21690   -30.000     0.00
  22262   -28.000     0.00
  22810   -26.000     0.00
  23380   -24.000     0.00
  23942   -22.000     0.00
  24474   -20.000     0.00
  25025   -18.000     0.00
  25500   -16.000     0.00
  26026   -14.000     0.00
  26497   -12.000     0.00
  26913   -10.000     0.00
  27394    -8.000     0.00
  27725    -6.000     0.00
  28011    -4.000     0.00
  28176    -2.000     0.00
  28313     0.000     0.00
  28329     1.000     0.00
  28364     2.000     0.00
  28398     3.000     0.00
  28446     5.000     0.00
  28497     8.000     0.00
  28505     9.000     0.00
  28526    10.000     0.00
