*Calibration over frequency
*Calibrated 07/14/21 at -zz dBm.
CalVersion= 1.03
FreqTable=
*    MHz        db   in increasing order of MHz
  10.000000     0.673
  20.000000     0.776
  30.000000     1.064
  40.000000     0.950
  50.000000     0.760
  60.000000     0.604
  70.000000     0.749
  80.000000     0.883
  90.000000     0.773
 100.000000     0.481
 110.000000     0.226
 120.000000     0.164
 130.000000     0.275
 140.000000     0.559
 150.000000     0.992
 160.000000     1.218
 170.000000     1.156
 180.000000     0.978
 190.000000     0.897
 200.000000     0.874
 210.000000     0.720
 220.000000     0.537
 230.000000     0.332
 240.000000     0.326
 250.000000     0.403
 260.000000     0.429
 270.000000     0.287
 280.000000     0.255
 290.000000     0.283
 300.000000     0.501
 310.000000     0.769
 320.000000     0.867
 330.000000     0.777
 340.000000     0.623
 350.000000     0.633
 360.000000     0.745
 370.000000     0.844
 380.000000     0.799
 390.000000     0.733
 400.000000     0.655
 410.000000     0.645
 420.000000     0.698
 430.000000     0.864
 440.000000     1.021
 450.000000     0.957
 460.000000     0.785
 470.000000     0.794
 480.000000     1.043
 490.000000     1.288
 500.000000     1.358
 510.000000     1.170
 520.000000     0.998
 530.000000     0.994
 540.000000     1.237
 550.000000     1.291
 560.000000     1.118
 570.000000     0.857
 580.000000     0.786
 590.000000     0.797
 600.000000     0.748
 610.000000     0.656
 620.000000     0.517
 630.000000     0.535
 640.000000     0.538
 650.000000     0.413
 660.000000     0.249
 670.000000     0.216
 680.000000     0.278
 690.000000     0.305
 700.000000     0.155
 710.000000     0.082
 720.000000     0.138
 730.000000     0.401
 740.000000     0.373
 750.000000     0.246
 760.000000     0.181
 770.000000     0.335
 780.000000     0.627
 790.000000     0.687
 800.000000     0.475
 810.000000     0.290
 820.000000     0.444
 830.000000     0.774
 840.000000     0.918
 850.000000     0.782
 860.000000     0.620
 870.000000     0.691
 880.000000     0.909
 890.000000     0.977
 900.000000     0.799
 910.000000     0.661
 920.000000     0.701
 930.000000     0.842
 940.000000     0.971
 950.000000     0.926
 960.000000     0.802
 970.000000     0.791
 980.000000     0.823
 990.000000     0.844
1000.000000     0.813
1010.000000    -2.670
1020.000000    -2.666
1030.000000    -2.716
1040.000000    -2.732
1050.000000    -2.712
1060.000000    -2.639
1070.000000    -2.729
1080.000000    -2.820
1090.000000    -2.922
1100.000000    -2.663
1110.000000    -2.448
1120.000000    -2.452
1130.000000    -2.670
1140.000000    -2.643
1150.000000    -2.286
1160.000000    -1.939
1170.000000    -1.952
1180.000000    -2.269
1190.000000    -2.370
1200.000000    -2.027
1210.000000    -1.629
1220.000000    -1.630
1230.000000    -1.903
1240.000000    -1.966
1250.000000    -1.735
1260.000000    -1.493
1270.000000    -1.529
1280.000000    -1.776
1290.000000    -1.811
1300.000000    -1.563
1310.000000    -1.447
1320.000000    -1.614
1330.000000    -1.758
1340.000000    -1.683
1350.000000    -1.575
1360.000000    -1.650
1370.000000    -1.900
1380.000000    -1.916
1390.000000    -1.649
1400.000000    -1.343
1410.000000    -1.631
1420.000000    -2.023
1430.000000    -1.979
1440.000000    -1.578
1450.000000    -1.236
1460.000000    -1.564
1470.000000    -2.142
1480.000000    -2.131
1490.000000    -1.679
1500.000000    -1.288
1510.000000    -1.515
1520.000000    -1.889
1530.000000    -1.839
1540.000000    -1.428
1550.000000    -1.261
1560.000000    -1.477
1570.000000    -1.645
1580.000000    -1.384
1590.000000    -1.014
1600.000000    -1.056
1610.000000    -1.249
1620.000000    -1.277
1630.000000    -1.003
1640.000000    -0.834
1650.000000    -1.034
1660.000000    -1.335
1670.000000    -1.297
1680.000000    -1.041
1690.000000    -1.050
1700.000000    -1.269
1710.000000    -1.522
1720.000000    -1.395
1730.000000    -1.277
1740.000000    -1.280
1750.000000    -1.447
1760.000000    -1.399
1770.000000    -1.273
1780.000000    -1.198
1790.000000    -1.323
1800.000000    -1.419
1810.000000    -1.280
1820.000000    -1.079
1830.000000    -1.104
1840.000000    -1.257
1850.000000    -1.219
1860.000000    -1.007
1870.000000    -0.866
1880.000000    -0.982
1890.000000    -1.168
1900.000000    -0.994
1910.000000    -0.577
1920.000000    -0.393
1930.000000    -0.655
1940.000000    -1.121
1950.000000    -1.247
1960.000000    -0.929
1970.000000    -0.580
1980.000000    -0.764
1990.000000    -1.182
2000.000000    -1.412
2010.000000     1.148
2020.000000     1.443
2030.000000     1.529
2040.000000     1.328
2050.000000     1.186
2060.000000     1.327
2070.000000     1.419
2080.000000     1.434
2090.000000     1.480
2100.000000     1.596
2110.000000     1.646
2120.000000     1.641
2130.000000     1.619
2140.000000     1.687
2150.000000     1.929
2160.000000     2.013
2170.000000     1.862
2180.000000     1.735
2190.000000     1.973
2200.000000     2.337
2210.000000     2.462
2220.000000     2.325
2230.000000     2.220
2240.000000     2.508
2250.000000     2.988
2260.000000     3.190
2270.000000     3.158
2280.000000     2.933
2290.000000     3.130
2300.000000     3.708
2310.000000     4.144
2320.000000     4.289
2330.000000     4.215
2340.000000     4.366
2350.000000     4.814
2360.000000     5.123
2370.000000     5.079
2380.000000     4.820
2390.000000     4.542
2400.000000     4.341
2410.000000     3.956
2420.000000     3.521
2430.000000     3.198
2440.000000     3.202
2450.000000     3.222
2460.000000     3.093
2470.000000     2.864
2480.000000     2.745
2490.000000     2.910
2500.000000     3.230
2510.000000     3.456
2520.000000     3.471
2530.000000     3.566
2540.000000     3.785
2550.000000     4.072
2560.000000     4.290
2570.000000     4.529
2580.000000     4.789
2590.000000     5.025
2600.000000     5.214
2610.000000     5.355
2620.000000     5.645
2630.000000     5.894
2640.000000     6.042
2650.000000     6.105
2660.000000     6.312
2670.000000     6.672
2680.000000     6.890
2690.000000     6.923
2700.000000     6.797
2710.000000     6.835
2720.000000     7.233
2730.000000     7.633
2740.000000     7.708
2750.000000     7.463
2760.000000     7.279
2770.000000     7.486
2780.000000     7.866
2790.000000     8.142
2800.000000     8.042
2810.000000     7.802
2820.000000     7.747
2830.000000     7.968
2840.000000     8.122
2850.000000     8.095
2860.000000     7.900
2870.000000     7.733
2880.000000     7.757
2890.000000     7.642
2900.000000     7.585
2910.000000     7.619
2920.000000     7.817
2930.000000     7.945
2940.000000     7.807
2950.000000     7.575
2960.000000     7.609
2970.000000     7.894
2980.000000     8.161
2990.000000     8.288
3000.000000     8.242
