*Filter Path 4: CenterFreq=10.725000 MHz; Bandwidth=10.000000 kHz
*Calibrated 02/10/21 at 10.000000 MHz.
CalVersion= 1.03
MagTable=
*  ADC      dBm      Phase   in increasing order of ADC
   4947  -120.000     0.00
   5050  -115.000     0.00
   5061  -110.000     0.00
   5158  -105.000     0.00
   5508  -100.000     0.00
   6243   -95.000     0.00
   7395   -90.000     0.00
   8696   -85.000     0.00
   9970   -80.000     0.00
  11286   -75.000     0.00
  12599   -70.000     0.00
  13954   -65.000     0.00
  15265   -60.000     0.00
  16600   -55.000     0.00
  17951   -50.000     0.00
  19271   -45.000     0.00
  20638   -40.000     0.00
  21972   -35.000     0.00
  23385   -30.000     0.00
  24714   -25.000     0.00
  25524   -22.000     0.00
  26074   -20.000     0.00
  26645   -18.000     0.00
  27212   -16.000     0.00
  27777   -14.000     0.00
  28313   -12.000     0.00
  28846   -10.000     0.00
  29111    -9.000     0.00
  29364    -8.000     0.00
  29605    -7.000     0.00
  29813    -6.000     0.00
  29994    -5.000     0.00
  30143    -4.000     0.00
  30266    -3.000     0.00
  30361    -2.000     0.00
  30447    -1.000     0.00
  30520     0.000     0.00
